epoch:0 0.3592  0.6980  0.3222  0.1679  0.3064  0.3844  0.3552  0.5337  0.5503  0.3465  0.4874  0.5734  0.5228  0.010000
epoch:1 0.4370  0.7324  0.4656  0.1772  0.3221  0.4895  0.4030  0.5700  0.5767  0.3061  0.4692  0.6218  0.2090  0.020000
epoch:2 0.4370  0.7324  0.4656  0.1772  0.3221  0.4895  0.4030  0.5700  0.5767  0.3061  0.4692  0.6218  0.2090  0.020000
epoch:3 0.4112  0.7226  0.4241  0.1535  0.3103  0.4569  0.3839  0.5568  0.5650  0.2983  0.4755  0.6044  0.2132  0.020000
epoch:4 0.4370  0.7324  0.4656  0.1772  0.3221  0.4895  0.4030  0.5700  0.5767  0.3061  0.4692  0.6218  0.2090  0.020000
epoch:5 0.4191  0.7239  0.4337  0.1661  0.3189  0.4695  0.3893  0.5566  0.5625  0.2794  0.4644  0.6070  0.1914  0.020000
epoch:6 0.4448  0.7427  0.4785  0.1799  0.3376  0.4979  0.4065  0.5772  0.5832  0.3209  0.4758  0.6285  0.1770  0.020000
epoch:7 0.4974  0.7745  0.5506  0.2084  0.3841  0.5504  0.4375  0.6097  0.6146  0.3167  0.5057  0.6633  0.1429  0.002000
epoch:8 0.4965  0.7765  0.5521  0.2052  0.3894  0.5483  0.4379  0.6048  0.6098  0.3160  0.5054  0.6563  0.1294  0.002000
epoch:9 0.4994  0.7761  0.5527  0.2027  0.3886  0.5514  0.4372  0.6034  0.6078  0.3071  0.5017  0.6559  0.1246  0.002000
epoch:10 0.4991  0.7753  0.5538  0.2102  0.3898  0.5522  0.4374  0.6042  0.6089  0.3114  0.5038  0.6574  0.1190  0.002000
epoch:11 0.4998  0.7749  0.5545  0.2011  0.3884  0.5536  0.4386  0.6014  0.6055  0.2906  0.4966  0.6553  0.1157  0.002000
epoch:12 0.5005  0.7741  0.5524  0.1988  0.3869  0.5545  0.4384  0.6008  0.6054  0.2791  0.4964  0.6556  0.1115  0.000200
epoch:13 0.5001  0.7730  0.5522  0.2029  0.3837  0.5549  0.4380  0.5999  0.6041  0.2916  0.4914  0.6557  0.1120  0.000200
epoch:14 0.5013  0.7758  0.5542  0.2003  0.3876  0.5549  0.4381  0.6007  0.6046  0.2883  0.4967  0.6543  0.1103  0.000200
epoch:15 0.5106  0.7919  0.5629  0.2081  0.3909  0.5634  0.4428  0.6188  0.6247  0.3239  0.5040  0.6749  0.1560  0.000200
epoch:16 0.5106  0.7924  0.5647  0.2114  0.3926  0.5629  0.4419  0.6183  0.6239  0.3250  0.5079  0.6726  0.1544  0.000200
epoch:17 0.5112  0.7922  0.5654  0.2048  0.3930  0.5630  0.4433  0.6181  0.6240  0.3126  0.5066  0.6737  0.1538  0.000200
epoch:18 0.5119  0.7928  0.5689  0.2119  0.3951  0.5639  0.4445  0.6189  0.6244  0.3216  0.5072  0.6742  0.1535  0.000200
epoch:19 0.5107  0.7917  0.5663  0.2095  0.3944  0.5629  0.4429  0.6193  0.6248  0.3280  0.5084  0.6742  0.1526  0.000200
epoch:20 0.5117  0.7919  0.5681  0.2024  0.3945  0.5647  0.4431  0.6182  0.6240  0.3214  0.5076  0.6744  0.1526  0.000200
epoch:21 0.5125  0.7908  0.5688  0.2080  0.3904  0.5661  0.4444  0.6198  0.6255  0.3236  0.5060  0.6763  0.1516  0.000200
epoch:22 0.5132  0.7932  0.5699  0.2086  0.3941  0.5660  0.4450  0.6201  0.6253  0.3278  0.5093  0.6752  0.1519  0.000200
epoch:23 0.5091  0.7901  0.5629  0.2046  0.3922  0.5609  0.4429  0.6162  0.6220  0.3136  0.5051  0.6714  0.1508  0.000200
epoch:24 0.5134  0.7920  0.5687  0.2018  0.3928  0.5663  0.4448  0.6209  0.6267  0.3172  0.5086  0.6773  0.1506  0.000200
epoch:25 0.5121  0.7909  0.5665  0.2031  0.3910  0.5657  0.4429  0.6182  0.6236  0.3133  0.5047  0.6742  0.1502  0.000200